ID,CWMTED,InputNormalisedCWMTED,OutputNormalisedCWMTED,COMTED,OutputNormalisedCOMTED,Wasserstein
Tree1Tree1,0.0,0.0,0.0,0.0,0.0,0.0
Tree1Tree2,111.5,0.45454500000000003,0.25810185185185186,210.0,0.9051724137931034,13256.0
Tree1Tree3,20.0,0.21666599999999991,0.046296296296296294,21.0,0.04964539007092199,150.0
Tree2Tree1,111.5,0.45454500000000003,3.484375,210.0,0.9051724137931034,13256.0
Tree2Tree2,0.0,0.0,0.0,0.0,0.0,0.0
Tree2Tree3,109.5,0.2878790000000001,3.421875,199.0,0.8923766816143498,10879.0
Tree3Tree1,20.0,0.21666599999999991,0.04830917874396135,21.0,0.04964539007092199,150.0
Tree3Tree2,109.5,0.2878790000000001,0.2644927536231884,199.0,0.8923766816143498,10879.0
Tree3Tree3,0.0,0.0,0.0,0.0,0.0,0.0
